32 686 686 686 686 686 686 686 686 686 686 686 686 686 686 87 87 87 87 87 87 87 87 87 87 87 87 87 87 87 87 87 87
14 87
15 794 794 794 794 794 794 794 852 852 852 852 852 852 852 852
8 852
22 12 12 12 12 774 774 774 774 774 774 774 774 774 774 774 774 774 232 232 232 232 232 
13 232
63 922 922 922 922 922 922 922 922 922 682 682 682 682 682 682 682 682 682 854 854 854 854 854 854 854 854 854 987 987 987 987 987 987 987 987 987 895 895 895 895 895 895 895 895 895 843 843 843 843 843 843 843 843 843 960 960 960 960 960 960 960 960 960
9 1104
74 611 611 611 611 611 611 611 611 611 611 759 759 759 759 759 759 759 759 759 759 740 740 740 740 740 740 740 740 740 740 927 927 927 927 927 927 927 927 927 927 862 862 862 862 862 862 862 862 862 862 944 944 944 944 944 944 944 944 944 944 914 914 914 914 914 914 914 914 914 914 914 914 914 914
7 881
82 655 655 655 655 655 655 655 655 655 655 655 655 655 943 943 943 943 943 943 943 943 943 943 943 943 943 979 979 979 979 979 979 979 979 979 979 979 979 979 717 717 717 717 717 717 717 717 717 717 717 717 717 842 842 842 842 842 842 842 842 842 842 842 842 842 902 902 902 902 902 902 902 902 902 902 902 902 902 902 902 902 902
12 706
91 902 902 902 902 902 902 902 902 902 902 902 902 902 809 809 809 809 809 809 809 809 809 809 809 809 809 917 917 917 917 917 917 917 917 917 917 917 917 917 705 705 705 705 705 705 705 705 705 705 705 705 705 734 734 734 734 734 734 734 734 734 734 734 734 734 939 939 939 939 939 939 939 939 939 939 939 939 939 816 816 816 816 816 816 816 816 816 816 816 816 816
10 785
77 808 808 808 808 808 808 808 808 808 808 808 808 808 808 808 861 861 861 861 861 861 861 861 861 861 861 861 861 861 861 903 903 903 903 903 903 903 903 903 903 903 903 903 903 903 940 940 940 940 940 940 940 940 940 940 940 940 940 940 940 942 942 942 942 942 942 942 942 942 942 942 942 942 942 942 942 942
14 494
68 640 640 640 640 640 640 640 640 769 769 769 769 769 769 769 769 777 777 777 777 777 777 777 777 881 881 881 881 881 881 881 881 619 619 619 619 619 619 619 619 669 669 669 669 669 669 669 669 935 935 935 935 935 935 935 935 522 522 522 522 522 522 522 522 522 522 522 522
21 935
95 558 558 558 558 558 558 558 558 558 558 558 558 558 676 676 676 676 676 676 676 676 676 676 676 676 676 843 843 843 843 843 843 843 843 843 843 843 843 843 618 618 618 618 618 618 618 618 618 618 618 618 618 652 652 652 652 652 652 652 652 652 652 652 652 652 705 705 705 705 705 705 705 705 705 705 705 705 705 778 778 778 778 778 778 778 778 778 778 778 778 778 778 778 778 778
10 670
